5000 5
20 100 200 300 400 500 600 700 800 900 1000 1100 1200 1300 1400 1500 1600 1700 1800 1900 2000
10 1010
20 2020
30 3030
40 4040
50 5050
60 6060
70 7070
80 8080
90 9090
100 10100
110 11110
120 12120
130 13130
140 14140
150 15150
160 16160
170 17170
180 18180
190 19190
200 20200
210 21210
220 22220
230 23230
240 24240
250 25250
260 26260
270 27270
280 28280
290 29290
300 30300
310 31310
320 32320
330 33330
340 34340
350 35350
360 36360
370 37370
380 38380
390 39390
400 40400
410 41410
420 42420
430 43430
440 44440
450 45450
460 46460
470 47470
480 48480
490 49490
500 50500
510 51510
520 52520
530 53530
540 54540
550 55550
560 56560
570 57570
580 58580
590 59590
600 60600
610 61610
620 62620
630 63630
640 64640
650 65650
660 66660
670 67670
680 68680
690 69690
700 70700
710 71710
720 72720
730 73730
740 74740
750 75750
760 76760
770 77770
780 78780
790 79790
800 80800
810 81810
820 82820
830 83830
840 84840
850 85850
860 86860
870 87870
880 88880
890 89890
900 90900
910 91910
920 92920
930 93930
940 94940
950 95950
960 96960
970 97970
980 98980
990 99990
1000 101000
1010 102010
1020 103020
1030 104030
1040 105040
1050 106050
1060 107060
1070 108070
1080 109080
1090 110090
1100 111100
1110 112110
1120 113120
1130 114130
1140 115140
1150 116150
1160 117160
1170 118170
1180 119180
1190 120190
1200 121200
1210 122210
1220 123220
1230 124230
1240 125240
1250 126250
1260 127260
1270 128270
1280 129280
1290 130290
1300 131300
1310 132310
1320 133320
1330 134330
1340 135340
1350 136350
1360 137360
1370 138370
1380 139380
1390 140390
1400 141400
1410 142410
1420 143420
1430 144430
1440 145440
1450 146450
1460 147460
1470 148470
1480 149480
1490 150490
1500 151500
1510 152510
1520 153520
1530 154530
1540 155540
1550 156550
1560 157560
1570 158570
1580 159580
1590 160590
1600 161600
1610 162610
1620 163620
1630 164630
1640 165640
1650 166650
1660 167660
1670 168670
1680 169680
1690 170690
1700 171700
1710 172710
1720 173720
1730 174730
1740 175740
1750 176750
1760 177760
1770 178770
1780 179780
1790 180790
1800 181800
1810 182810
1820 183820
1830 184830
1840 185840
1850 186850
1860 187860
1870 188870
1880 189880
1890 190890
1900 191900
1910 192910
1920 193920
1930 194930
1940 195940
1950 196950
1960 197960
1970 198970
1980 199980
1990 200990
2000 202000
2010 203010
2020 204020
2030 205030
2040 206040
2050 207050
2060 208060
2070 209070
2080 210080
2090 211090
2100 212100
2110 213110
2120 214120
2130 215130
2140 216140
2150 217150
2160 218160
2170 219170
2180 220180
2190 221190
2200 222200
2210 223210
2220 224220
2230 225230
2240 226240
2250 227250
2260 228260
2270 229270
2280 230280
2290 231290
2300 232300
2310 233310
2320 234320
2330 235330
2340 236340
2350 237350
2360 238360
2370 239370
2380 240380
2390 241390
2400 242400
2410 243410
2420 244420
2430 245430
2440 246440
2450 247450
2460 248460
2470 249470
2480 250480
2490 251490
2500 252500
2510 253510
2520 254520
2530 255530
2540 256540
2550 257550
2560 258560
2570 259570
2580 260580
2590 261590
2600 262600
2610 263610
2620 264620
2630 265630
2640 266640
2650 267650
2660 268660
2670 269670
2680 270680
2690 271690
2700 272700
2710 273710
2720 274720
2730 275730
2740 276740
2750 277750
2760 278760
2770 279770
2780 280780
2790 281790
2800 282800
2810 283810
2820 284820
2830 285830
2840 286840
2850 287850
2860 288860
2870 289870
2880 290880
2890 291890
2900 292900
2910 293910
2920 294920
2930 295930
2940 296940
2950 297950
2960 298960
2970 299970
2980 300980
2990 301990
3000 303000
3010 304010
3020 305020
3030 306030
3040 307040
3050 308050
3060 309060
3070 310070
3080 311080
3090 312090
3100 313100
3110 314110
3120 315120
3130 316130
3140 317140
3150 318150
3160 319160
3170 320170
3180 321180
3190 322190
3200 323200
3210 324210
3220 325220
3230 326230
3240 327240
3250 328250
3260 329260
3270 330270
3280 331280
3290 332290
3300 333300
3310 334310
3320 335320
3330 336330
3340 337340
3350 338350
3360 339360
3370 340370
3380 341380
3390 342390
3400 343400
3410 344410
3420 345420
3430 346430
3440 347440
3450 348450
3460 349460
3470 350470
3480 351480
3490 352490
3500 353500
3510 354510
3520 355520
3530 356530
3540 357540
3550 358550
3560 359560
3570 360570
3580 361580
3590 362590
3600 363600
3610 364610
3620 365620
3630 366630
3640 367640
3650 368650
3660 369660
3670 370670
3680 371680
3690 372690
3700 373700
3710 374710
3720 375720
3730 376730
3740 377740
3750 378750
3760 379760
3770 380770
3780 381780
3790 382790
3800 383800
3810 384810
3820 385820
3830 386830
3840 387840
3850 388850
3860 389860
3870 390870
3880 391880
3890 392890
3900 393900
3910 394910
3920 395920
3930 396930
3940 397940
3950 398950
3960 399960
3970 400970
3980 401980
3990 402990
4000 404000
4010 405010
4020 406020
4030 407030
4040 408040
4050 409050
4060 410060
4070 411070
4080 412080
4090 413090
4100 414100
4110 415110
4120 416120
4130 417130
4140 418140
4150 419150
4160 420160
4170 421170
4180 422180
4190 423190
4200 424200
4210 425210
4220 426220
4230 427230
4240 428240
4250 429250
4260 430260
4270 431270
4280 432280
4290 433290
4300 434300
4310 435310
4320 436320
4330 437330
4340 438340
4350 439350
4360 440360
4370 441370
4380 442380
4390 443390
4400 444400
4410 445410
4420 446420
4430 447430
4440 448440
4450 449450
4460 450460
4470 451470
4480 452480
4490 453490
4500 454500
4510 455510
4520 456520
4530 457530
4540 458540
4550 459550
4560 460560
4570 461570
4580 462580
4590 463590
4600 464600
4610 465610
4620 466620
4630 467630
4640 468640
4650 469650
4660 470660
4670 471670
4680 472680
4690 473690
4700 474700
4710 475710
4720 476720
4730 477730
4740 478740
4750 479750
4760 480760
4770 481770
4780 482780
4790 483790
4800 484800
4810 485810
4820 486820
4830 487830
4840 488840
4850 489850
4860 490860
4870 491870
4880 492880
4890 493890
4900 494900
4910 495910
4920 496920
4930 497930
4940 498940
4950 499950
4960 500960
4970 501970
4980 502980
4990 503990
5000 505000
5010 506010
5020 507020
5030 508030
5040 509040
5050 510050
5060 511060
5070 512070
5080 513080
5090 514090
5100 515100
5110 516110
5120 517120
5130 518130
5140 519140
5150 520150
5160 521160
5170 522170
5180 523180
5190 524190
5200 525200
5210 526210
5220 527220
5230 528230
5240 529240
5250 530250
5260 531260
5270 532270
5280 533280
5290 534290
5300 535300
5310 536310
5320 537320
5330 538330
5340 539340
5350 540350
5360 541360
5370 542370
5380 543380
5390 544390
5400 545400
5410 546410
5420 547420
5430 548430
5440 549440
5450 550450
5460 551460
5470 552470
5480 553480
5490 554490
5500 555500
5510 556510
5520 557520
5530 558530
5540 559540
5550 560550
5560 561560
5570 562570
5580 563580
5590 564590
5600 565600
5610 566610
5620 567620
5630 568630
5640 569640
5650 570650
5660 571660
5670 572670
5680 573680
5690 574690
5700 575700
5710 576710
5720 577720
5730 578730
5740 579740
5750 580750
5760 581760
5770 582770
5780 583780
5790 584790
5800 585800
5810 586810
5820 587820
5830 588830
5840 589840
5850 590850
5860 591860
5870 592870
5880 593880
5890 594890
5900 595900
5910 596910
5920 597920
5930 598930
5940 599940
5950 600950
5960 601960
5970 602970
5980 603980
5990 604990
6000 606000
6010 607010
6020 608020
6030 609030
6040 610040
6050 611050
6060 612060
6070 613070
6080 614080
6090 615090
6100 616100
6110 617110
6120 618120
6130 619130
6140 620140
6150 621150
6160 622160
6170 623170
6180 624180
6190 625190
6200 626200
6210 627210
6220 628220
6230 629230
6240 630240
6250 631250
6260 632260
6270 633270
6280 634280
6290 635290
6300 636300
6310 637310
6320 638320
6330 639330
6340 640340
6350 641350
6360 642360
6370 643370
6380 644380
6390 645390
6400 646400
6410 647410
6420 648420
6430 649430
6440 650440
6450 651450
6460 652460
6470 653470
6480 654480
6490 655490
6500 656500
6510 657510
6520 658520
6530 659530
6540 660540
6550 661550
6560 662560
6570 663570
6580 664580
6590 665590
6600 666600
6610 667610
6620 668620
6630 669630
6640 670640
6650 671650
6660 672660
6670 673670
6680 674680
6690 675690
6700 676700
6710 677710
6720 678720
6730 679730
6740 680740
6750 681750
6760 682760
6770 683770
6780 684780
6790 685790
6800 686800
6810 687810
6820 688820
6830 689830
6840 690840
6850 691850
6860 692860
6870 693870
6880 694880
6890 695890
6900 696900
6910 697910
6920 698920
6930 699930
6940 700940
6950 701950
6960 702960
6970 703970
6980 704980
6990 705990
7000 707000
7010 708010
7020 709020
7030 710030
7040 711040
7050 712050
7060 713060
7070 714070
7080 715080
7090 716090
7100 717100
7110 718110
7120 719120
7130 720130
7140 721140
7150 722150
7160 723160
7170 724170
7180 725180
7190 726190
7200 727200
7210 728210
7220 729220
7230 730230
7240 731240
7250 732250
7260 733260
7270 734270
7280 735280
7290 736290
7300 737300
7310 738310
7320 739320
7330 740330
7340 741340
7350 742350
7360 743360
7370 744370
7380 745380
7390 746390
7400 747400
7410 748410
7420 749420
7430 750430
7440 751440
7450 752450
7460 753460
7470 754470
7480 755480
7490 756490
7500 757500
7510 758510
7520 759520
7530 760530
7540 761540
7550 762550
7560 763560
7570 764570
7580 765580
7590 766590
7600 767600
7610 768610
7620 769620
7630 770630
7640 771640
7650 772650
7660 773660
7670 774670
7680 775680
7690 776690
7700 777700
7710 778710
7720 779720
7730 780730
7740 781740
7750 782750
7760 783760
7770 784770
7780 785780
7790 786790
7800 787800
7810 788810
7820 789820
7830 790830
7840 791840
7850 792850
7860 793860
7870 794870
7880 795880
7890 796890
7900 797900
7910 798910
7920 799920
7930 800930
7940 801940
7950 802950
7960 803960
7970 804970
7980 805980
7990 806990
8000 808000
8010 809010
8020 810020
8030 811030
8040 812040
8050 813050
8060 814060
8070 815070
8080 816080
8090 817090
8100 818100
8110 819110
8120 820120
8130 821130
8140 822140
8150 823150
8160 824160
8170 825170
8180 826180
8190 827190
8200 828200
8210 829210
8220 830220
8230 831230
8240 832240
8250 833250
8260 834260
8270 835270
8280 836280
8290 837290
8300 838300
8310 839310
8320 840320
8330 841330
8340 842340
8350 843350
8360 844360
8370 845370
8380 846380
8390 847390
8400 848400
8410 849410
8420 850420
8430 851430
8440 852440
8450 853450
8460 854460
8470 855470
8480 856480
8490 857490
8500 858500
8510 859510
8520 860520
8530 861530
8540 862540
8550 863550
8560 864560
8570 865570
8580 866580
8590 867590
8600 868600
8610 869610
8620 870620
8630 871630
8640 872640
8650 873650
8660 874660
8670 875670
8680 876680
8690 877690
8700 878700
8710 879710
8720 880720
8730 881730
8740 882740
8750 883750
8760 884760
8770 885770
8780 886780
8790 887790
8800 888800
8810 889810
8820 890820
8830 891830
8840 892840
8850 893850
8860 894860
8870 895870
8880 896880
8890 897890
8900 898900
8910 899910
8920 900920
8930 901930
8940 902940
8950 903950
8960 904960
8970 905970
8980 906980
8990 907990
9000 909000
9010 910010
9020 911020
9030 912030
9040 913040
9050 914050
9060 915060
9070 916070
9080 917080
9090 918090
9100 919100
9110 920110
9120 921120
9130 922130
9140 923140
9150 924150
9160 925160
9170 926170
9180 927180
9190 928190
9200 929200
9210 930210
9220 931220
9230 932230
9240 933240
9250 934250
9260 935260
9270 936270
9280 937280
9290 938290
9300 939300
9310 940310
9320 941320
9330 942330
9340 943340
9350 944350
9360 945360
9370 946370
9380 947380
9390 948390
9400 949400
9410 950410
9420 951420
9430 952430
9440 953440
9450 954450
9460 955460
9470 956470
9480 957480
9490 958490
9500 959500
9510 960510
9520 961520
9530 962530
9540 963540
9550 964550
9560 965560
9570 966570
9580 967580
9590 968590
9600 969600
9610 970610
9620 971620
9630 972630
9640 973640
9650 974650
9660 975660
9670 976670
9680 977680
9690 978690
9700 979700
9710 980710
9720 981720
9730 982730
9740 983740
9750 984750
9760 985760
9770 986770
9780 987780
9790 988790
9800 989800
9810 990810
9820 991820
9830 992830
9840 993840
9850 994850
9860 995860
9870 996870
9880 997880
9890 998890
9900 999900
9910 1000910
9920 1001920
9930 1002930
9940 1003940
9950 1004950
9960 1005960
9970 1006970
9980 1007980
9990 1008990
10000 1010000
10010 1011010
10020 1012020
10030 1013030
10040 1014040
10050 1015050
10060 1016060
10070 1017070
10080 1018080
10090 1019090
10100 1020100
10110 1021110
10120 1022120
10130 1023130
10140 1024140
10150 1025150
10160 1026160
10170 1027170
10180 1028180
10190 1029190
10200 1030200
10210 1031210
10220 1032220
10230 1033230
10240 1034240
10250 1035250
10260 1036260
10270 1037270
10280 1038280
10290 1039290
10300 1040300
10310 1041310
10320 1042320
10330 1043330
10340 1044340
10350 1045350
10360 1046360
10370 1047370
10380 1048380
10390 1049390
10400 1050400
10410 1051410
10420 1052420
10430 1053430
10440 1054440
10450 1055450
10460 1056460
10470 1057470
10480 1058480
10490 1059490
10500 1060500
10510 1061510
10520 1062520
10530 1063530
10540 1064540
10550 1065550
10560 1066560
10570 1067570
10580 1068580
10590 1069590
10600 1070600
10610 1071610
10620 1072620
10630 1073630
10640 1074640
10650 1075650
10660 1076660
10670 1077670
10680 1078680
10690 1079690
10700 1080700
10710 1081710
10720 1082720
10730 1083730
10740 1084740
10750 1085750
10760 1086760
10770 1087770
10780 1088780
10790 1089790
10800 1090800
10810 1091810
10820 1092820
10830 1093830
10840 1094840
10850 1095850
10860 1096860
10870 1097870
10880 1098880
10890 1099890
10900 1100900
10910 1101910
10920 1102920
10930 1103930
10940 1104940
10950 1105950
10960 1106960
10970 1107970
10980 1108980
10990 1109990
11000 1111000
11010 1112010
11020 1113020
11030 1114030
11040 1115040
11050 1116050
11060 1117060
11070 1118070
11080 1119080
11090 1120090
11100 1121100
11110 1122110
11120 1123120
11130 1124130
11140 1125140
11150 1126150
11160 1127160
11170 1128170
11180 1129180
11190 1130190
11200 1131200
11210 1132210
11220 1133220
11230 1134230
11240 1135240
11250 1136250
11260 1137260
11270 1138270
11280 1139280
11290 1140290
11300 1141300
11310 1142310
11320 1143320
11330 1144330
11340 1145340
11350 1146350
11360 1147360
11370 1148370
11380 1149380
11390 1150390
11400 1151400
11410 1152410
11420 1153420
11430 1154430
11440 1155440
11450 1156450
11460 1157460
11470 1158470
11480 1159480
11490 1160490
11500 1161500
11510 1162510
11520 1163520
11530 1164530
11540 1165540
11550 1166550
11560 1167560
11570 1168570
11580 1169580
11590 1170590
11600 1171600
11610 1172610
11620 1173620
11630 1174630
11640 1175640
11650 1176650
11660 1177660
11670 1178670
11680 1179680
11690 1180690
11700 1181700
11710 1182710
11720 1183720
11730 1184730
11740 1185740
11750 1186750
11760 1187760
11770 1188770
11780 1189780
11790 1190790
11800 1191800
11810 1192810
11820 1193820
11830 1194830
11840 1195840
11850 1196850
11860 1197860
11870 1198870
11880 1199880
11890 1200890
11900 1201900
11910 1202910
11920 1203920
11930 1204930
11940 1205940
11950 1206950
11960 1207960
11970 1208970
11980 1209980
11990 1210990
12000 1212000
12010 1213010
12020 1214020
12030 1215030
12040 1216040
12050 1217050
12060 1218060
12070 1219070
12080 1220080
12090 1221090
12100 1222100
12110 1223110
12120 1224120
12130 1225130
12140 1226140
12150 1227150
12160 1228160
12170 1229170
12180 1230180
12190 1231190
12200 1232200
12210 1233210
12220 1234220
12230 1235230
12240 1236240
12250 1237250
12260 1238260
12270 1239270
12280 1240280
12290 1241290
12300 1242300
12310 1243310
12320 1244320
12330 1245330
12340 1246340
12350 1247350
12360 1248360
12370 1249370
12380 1250380
12390 1251390
12400 1252400
12410 1253410
12420 1254420
12430 1255430
12440 1256440
12450 1257450
12460 1258460
12470 1259470
12480 1260480
12490 1261490
12500 1262500
12510 1263510
12520 1264520
12530 1265530
12540 1266540
12550 1267550
12560 1268560
12570 1269570
12580 1270580
12590 1271590
12600 1272600
12610 1273610
12620 1274620
12630 1275630
12640 1276640
12650 1277650
12660 1278660
12670 1279670
12680 1280680
12690 1281690
12700 1282700
12710 1283710
12720 1284720
12730 1285730
12740 1286740
12750 1287750
12760 1288760
12770 1289770
12780 1290780
12790 1291790
12800 1292800
12810 1293810
12820 1294820
12830 1295830
12840 1296840
12850 1297850
12860 1298860
12870 1299870
12880 1300880
12890 1301890
12900 1302900
12910 1303910
12920 1304920
12930 1305930
12940 1306940
12950 1307950
12960 1308960
12970 1309970
12980 1310980
12990 1311990
13000 1313000
13010 1314010
13020 1315020
13030 1316030
13040 1317040
13050 1318050
13060 1319060
13070 1320070
13080 1321080
13090 1322090
13100 1323100
13110 1324110
13120 1325120
13130 1326130
13140 1327140
13150 1328150
13160 1329160
13170 1330170
13180 1331180
13190 1332190
13200 1333200
13210 1334210
13220 1335220
13230 1336230
13240 1337240
13250 1338250
13260 1339260
13270 1340270
13280 1341280
13290 1342290
13300 1343300
13310 1344310
13320 1345320
13330 1346330
13340 1347340
13350 1348350
13360 1349360
13370 1350370
13380 1351380
13390 1352390
13400 1353400
13410 1354410
13420 1355420
13430 1356430
13440 1357440
13450 1358450
13460 1359460
13470 1360470
13480 1361480
13490 1362490
13500 1363500
13510 1364510
13520 1365520
13530 1366530
13540 1367540
13550 1368550
13560 1369560
13570 1370570
13580 1371580
13590 1372590
13600 1373600
13610 1374610
13620 1375620
13630 1376630
13640 1377640
13650 1378650
13660 1379660
13670 1380670
13680 1381680
13690 1382690
13700 1383700
13710 1384710
13720 1385720
13730 1386730
13740 1387740
13750 1388750
13760 1389760
13770 1390770
13780 1391780
13790 1392790
13800 1393800
13810 1394810
13820 1395820
13830 1396830
13840 1397840
13850 1398850
13860 1399860
13870 1400870
13880 1401880
13890 1402890
13900 1403900
13910 1404910
13920 1405920
13930 1406930
13940 1407940
13950 1408950
13960 1409960
13970 1410970
13980 1411980
13990 1412990
14000 1414000
14010 1415010
14020 1416020
14030 1417030
14040 1418040
14050 1419050
14060 1420060
14070 1421070
14080 1422080
14090 1423090
14100 1424100
14110 1425110
14120 1426120
14130 1427130
14140 1428140
14150 1429150
14160 1430160
14170 1431170
14180 1432180
14190 1433190
14200 1434200
14210 1435210
14220 1436220
14230 1437230
14240 1438240
14250 1439250
14260 1440260
14270 1441270
14280 1442280
14290 1443290
14300 1444300
14310 1445310
14320 1446320
14330 1447330
14340 1448340
14350 1449350
14360 1450360
14370 1451370
14380 1452380
14390 1453390
14400 1454400
14410 1455410
14420 1456420
14430 1457430
14440 1458440
14450 1459450
14460 1460460
14470 1461470
14480 1462480
14490 1463490
14500 1464500
14510 1465510
14520 1466520
14530 1467530
14540 1468540
14550 1469550
14560 1470560
14570 1471570
14580 1472580
14590 1473590
14600 1474600
14610 1475610
14620 1476620
14630 1477630
14640 1478640
14650 1479650
14660 1480660
14670 1481670
14680 1482680
14690 1483690
14700 1484700
14710 1485710
14720 1486720
14730 1487730
14740 1488740
14750 1489750
14760 1490760
14770 1491770
14780 1492780
14790 1493790
14800 1494800
14810 1495810
14820 1496820
14830 1497830
14840 1498840
14850 1499850
14860 1500860
14870 1501870
14880 1502880
14890 1503890
14900 1504900
14910 1505910
14920 1506920
14930 1507930
14940 1508940
14950 1509950
14960 1510960
14970 1511970
14980 1512980
14990 1513990
15000 1515000
15010 1516010
15020 1517020
15030 1518030
15040 1519040
15050 1520050
15060 1521060
15070 1522070
15080 1523080
15090 1524090
15100 1525100
15110 1526110
15120 1527120
15130 1528130
15140 1529140
15150 1530150
15160 1531160
15170 1532170
15180 1533180
15190 1534190
15200 1535200
15210 1536210
15220 1537220
15230 1538230
15240 1539240
15250 1540250
15260 1541260
15270 1542270
15280 1543280
15290 1544290
15300 1545300
15310 1546310
15320 1547320
15330 1548330
15340 1549340
15350 1550350
15360 1551360
15370 1552370
15380 1553380
15390 1554390
15400 1555400
15410 1556410
15420 1557420
15430 1558430
15440 1559440
15450 1560450
15460 1561460
15470 1562470
15480 1563480
15490 1564490
15500 1565500
15510 1566510
15520 1567520
15530 1568530
15540 1569540
15550 1570550
15560 1571560
15570 1572570
15580 1573580
15590 1574590
15600 1575600
15610 1576610
15620 1577620
15630 1578630
15640 1579640
15650 1580650
15660 1581660
15670 1582670
15680 1583680
15690 1584690
15700 1585700
15710 1586710
15720 1587720
15730 1588730
15740 1589740
15750 1590750
15760 1591760
15770 1592770
15780 1593780
15790 1594790
15800 1595800
15810 1596810
15820 1597820
15830 1598830
15840 1599840
15850 1600850
15860 1601860
15870 1602870
15880 1603880
15890 1604890
15900 1605900
15910 1606910
15920 1607920
15930 1608930
15940 1609940
15950 1610950
15960 1611960
15970 1612970
15980 1613980
15990 1614990
16000 1616000
16010 1617010
16020 1618020
16030 1619030
16040 1620040
16050 1621050
16060 1622060
16070 1623070
16080 1624080
16090 1625090
16100 1626100
16110 1627110
16120 1628120
16130 1629130
16140 1630140
16150 1631150
16160 1632160
16170 1633170
16180 1634180
16190 1635190
16200 1636200
16210 1637210
16220 1638220
16230 1639230
16240 1640240
16250 1641250
16260 1642260
16270 1643270
16280 1644280
16290 1645290
16300 1646300
16310 1647310
16320 1648320
16330 1649330
16340 1650340
16350 1651350
16360 1652360
16370 1653370
16380 1654380
16390 1655390
16400 1656400
16410 1657410
16420 1658420
16430 1659430
16440 1660440
16450 1661450
16460 1662460
16470 1663470
16480 1664480
16490 1665490
16500 1666500
16510 1667510
16520 1668520
16530 1669530
16540 1670540
16550 1671550
16560 1672560
16570 1673570
16580 1674580
16590 1675590
16600 1676600
16610 1677610
16620 1678620
16630 1679630
16640 1680640
16650 1681650
16660 1682660
16670 1683670
16680 1684680
16690 1685690
16700 1686700
16710 1687710
16720 1688720
16730 1689730
16740 1690740
16750 1691750
16760 1692760
16770 1693770
16780 1694780
16790 1695790
16800 1696800
16810 1697810
16820 1698820
16830 1699830
16840 1700840
16850 1701850
16860 1702860
16870 1703870
16880 1704880
16890 1705890
16900 1706900
16910 1707910
16920 1708920
16930 1709930
16940 1710940
16950 1711950
16960 1712960
16970 1713970
16980 1714980
16990 1715990
17000 1717000
17010 1718010
17020 1719020
17030 1720030
17040 1721040
17050 1722050
17060 1723060
17070 1724070
17080 1725080
17090 1726090
17100 1727100
17110 1728110
17120 1729120
17130 1730130
17140 1731140
17150 1732150
17160 1733160
17170 1734170
17180 1735180
17190 1736190
17200 1737200
17210 1738210
17220 1739220
17230 1740230
17240 1741240
17250 1742250
17260 1743260
17270 1744270
17280 1745280
17290 1746290
17300 1747300
17310 1748310
17320 1749320
17330 1750330
17340 1751340
17350 1752350
17360 1753360
17370 1754370
17380 1755380
17390 1756390
17400 1757400
17410 1758410
17420 1759420
17430 1760430
17440 1761440
17450 1762450
17460 1763460
17470 1764470
17480 1765480
17490 1766490
17500 1767500
17510 1768510
17520 1769520
17530 1770530
17540 1771540
17550 1772550
17560 1773560
17570 1774570
17580 1775580
17590 1776590
17600 1777600
17610 1778610
17620 1779620
17630 1780630
17640 1781640
17650 1782650
17660 1783660
17670 1784670
17680 1785680
17690 1786690
17700 1787700
17710 1788710
17720 1789720
17730 1790730
17740 1791740
17750 1792750
17760 1793760
17770 1794770
17780 1795780
17790 1796790
17800 1797800
17810 1798810
17820 1799820
17830 1800830
17840 1801840
17850 1802850
17860 1803860
17870 1804870
17880 1805880
17890 1806890
17900 1807900
17910 1808910
17920 1809920
17930 1810930
17940 1811940
17950 1812950
17960 1813960
17970 1814970
17980 1815980
17990 1816990
18000 1818000
18010 1819010
18020 1820020
18030 1821030
18040 1822040
18050 1823050
18060 1824060
18070 1825070
18080 1826080
18090 1827090
18100 1828100
18110 1829110
18120 1830120
18130 1831130
18140 1832140
18150 1833150
18160 1834160
18170 1835170
18180 1836180
18190 1837190
18200 1838200
18210 1839210
18220 1840220
18230 1841230
18240 1842240
18250 1843250
18260 1844260
18270 1845270
18280 1846280
18290 1847290
18300 1848300
18310 1849310
18320 1850320
18330 1851330
18340 1852340
18350 1853350
18360 1854360
18370 1855370
18380 1856380
18390 1857390
18400 1858400
18410 1859410
18420 1860420
18430 1861430
18440 1862440
18450 1863450
18460 1864460
18470 1865470
18480 1866480
18490 1867490
18500 1868500
18510 1869510
18520 1870520
18530 1871530
18540 1872540
18550 1873550
18560 1874560
18570 1875570
18580 1876580
18590 1877590
18600 1878600
18610 1879610
18620 1880620
18630 1881630
18640 1882640
18650 1883650
18660 1884660
18670 1885670
18680 1886680
18690 1887690
18700 1888700
18710 1889710
18720 1890720
18730 1891730
18740 1892740
18750 1893750
18760 1894760
18770 1895770
18780 1896780
18790 1897790
18800 1898800
18810 1899810
18820 1900820
18830 1901830
18840 1902840
18850 1903850
18860 1904860
18870 1905870
18880 1906880
18890 1907890
18900 1908900
18910 1909910
18920 1910920
18930 1911930
18940 1912940
18950 1913950
18960 1914960
18970 1915970
18980 1916980
18990 1917990
19000 1919000
19010 1920010
19020 1921020
19030 1922030
19040 1923040
19050 1924050
19060 1925060
19070 1926070
19080 1927080
19090 1928090
19100 1929100
19110 1930110
19120 1931120
19130 1932130
19140 1933140
19150 1934150
19160 1935160
19170 1936170
19180 1937180
19190 1938190
19200 1939200
19210 1940210
19220 1941220
19230 1942230
19240 1943240
19250 1944250
19260 1945260
19270 1946270
19280 1947280
19290 1948290
19300 1949300
19310 1950310
19320 1951320
19330 1952330
19340 1953340
19350 1954350
19360 1955360
19370 1956370
19380 1957380
19390 1958390
19400 1959400
19410 1960410
19420 1961420
19430 1962430
19440 1963440
19450 1964450
19460 1965460
19470 1966470
19480 1967480
19490 1968490
19500 1969500
19510 1970510
19520 1971520
19530 1972530
19540 1973540
19550 1974550
19560 1975560
19570 1976570
19580 1977580
19590 1978590
19600 1979600
19610 1980610
19620 1981620
19630 1982630
19640 1983640
19650 1984650
19660 1985660
19670 1986670
19680 1987680
19690 1988690
19700 1989700
19710 1990710
19720 1991720
19730 1992730
19740 1993740
19750 1994750
19760 1995760
19770 1996770
19780 1997780
19790 1998790
19800 1999800
19810 2000810
19820 2001820
19830 2002830
19840 2003840
19850 2004850
19860 2005860
19870 2006870
19880 2007880
19890 2008890
19900 2009900
19910 2010910
19920 2011920
19930 2012930
19940 2013940
19950 2014950
19960 2015960
19970 2016970
19980 2017980
19990 2018990
20000 2020000
20010 2021010
20020 2022020
20030 2023030
20040 2024040
20050 2025050
20060 2026060
20070 2027070
20080 2028080
20090 2029090
20100 2030100
20110 2031110
20120 2032120
20130 2033130
20140 2034140
20150 2035150
20160 2036160
20170 2037170
20180 2038180
20190 2039190
20200 2040200
20210 2041210
20220 2042220
20230 2043230
20240 2044240
20250 2045250
20260 2046260
20270 2047270
20280 2048280
20290 2049290
20300 2050300
20310 2051310
20320 2052320
20330 2053330
20340 2054340
20350 2055350
20360 2056360
20370 2057370
20380 2058380
20390 2059390
20400 2060400
20410 2061410
20420 2062420
20430 2063430
20440 2064440
20450 2065450
20460 2066460
20470 2067470
20480 2068480
20490 2069490
20500 2070500
20510 2071510
20520 2072520
20530 2073530
20540 2074540
20550 2075550
20560 2076560
20570 2077570
20580 2078580
20590 2079590
20600 2080600
20610 2081610
20620 2082620
20630 2083630
20640 2084640
20650 2085650
20660 2086660
20670 2087670
20680 2088680
20690 2089690
20700 2090700
20710 2091710
20720 2092720
20730 2093730
20740 2094740
20750 2095750
20760 2096760
20770 2097770
20780 2098780
20790 2099790
20800 2100800
20810 2101810
20820 2102820
20830 2103830
20840 2104840
20850 2105850
20860 2106860
20870 2107870
20880 2108880
20890 2109890
20900 2110900
20910 2111910
20920 2112920
20930 2113930
20940 2114940
20950 2115950
20960 2116960
20970 2117970
20980 2118980
20990 2119990
21000 2121000
21010 2122010
21020 2123020
21030 2124030
21040 2125040
21050 2126050
21060 2127060
21070 2128070
21080 2129080
21090 2130090
21100 2131100
21110 2132110
21120 2133120
21130 2134130
21140 2135140
21150 2136150
21160 2137160
21170 2138170
21180 2139180
21190 2140190
21200 2141200
21210 2142210
21220 2143220
21230 2144230
21240 2145240
21250 2146250
21260 2147260
21270 2148270
21280 2149280
21290 2150290
21300 2151300
21310 2152310
21320 2153320
21330 2154330
21340 2155340
21350 2156350
21360 2157360
21370 2158370
21380 2159380
21390 2160390
21400 2161400
21410 2162410
21420 2163420
21430 2164430
21440 2165440
21450 2166450
21460 2167460
21470 2168470
21480 2169480
21490 2170490
21500 2171500
21510 2172510
21520 2173520
21530 2174530
21540 2175540
21550 2176550
21560 2177560
21570 2178570
21580 2179580
21590 2180590
21600 2181600
21610 2182610
21620 2183620
21630 2184630
21640 2185640
21650 2186650
21660 2187660
21670 2188670
21680 2189680
21690 2190690
21700 2191700
21710 2192710
21720 2193720
21730 2194730
21740 2195740
21750 2196750
21760 2197760
21770 2198770
21780 2199780
21790 2200790
21800 2201800
21810 2202810
21820 2203820
21830 2204830
21840 2205840
21850 2206850
21860 2207860
21870 2208870
21880 2209880
21890 2210890
21900 2211900
21910 2212910
21920 2213920
21930 2214930
21940 2215940
21950 2216950
21960 2217960
21970 2218970
21980 2219980
21990 2220990
22000 2222000
22010 2223010
22020 2224020
22030 2225030
22040 2226040
22050 2227050
22060 2228060
22070 2229070
22080 2230080
22090 2231090
22100 2232100
22110 2233110
22120 2234120
22130 2235130
22140 2236140
22150 2237150
22160 2238160
22170 2239170
22180 2240180
22190 2241190
22200 2242200
22210 2243210
22220 2244220
22230 2245230
22240 2246240
22250 2247250
22260 2248260
22270 2249270
22280 2250280
22290 2251290
22300 2252300
22310 2253310
22320 2254320
22330 2255330
22340 2256340
22350 2257350
22360 2258360
22370 2259370
22380 2260380
22390 2261390
22400 2262400
22410 2263410
22420 2264420
22430 2265430
22440 2266440
22450 2267450
22460 2268460
22470 2269470
22480 2270480
22490 2271490
22500 2272500
22510 2273510
22520 2274520
22530 2275530
22540 2276540
22550 2277550
22560 2278560
22570 2279570
22580 2280580
22590 2281590
22600 2282600
22610 2283610
22620 2284620
22630 2285630
22640 2286640
22650 2287650
22660 2288660
22670 2289670
22680 2290680
22690 2291690
22700 2292700
22710 2293710
22720 2294720
22730 2295730
22740 2296740
22750 2297750
22760 2298760
22770 2299770
22780 2300780
22790 2301790
22800 2302800
22810 2303810
22820 2304820
22830 2305830
22840 2306840
22850 2307850
22860 2308860
22870 2309870
22880 2310880
22890 2311890
22900 2312900
22910 2313910
22920 2314920
22930 2315930
22940 2316940
22950 2317950
22960 2318960
22970 2319970
22980 2320980
22990 2321990
23000 2323000
23010 2324010
23020 2325020
23030 2326030
23040 2327040
23050 2328050
23060 2329060
23070 2330070
23080 2331080
23090 2332090
23100 2333100
23110 2334110
23120 2335120
23130 2336130
23140 2337140
23150 2338150
23160 2339160
23170 2340170
23180 2341180
23190 2342190
23200 2343200
23210 2344210
23220 2345220
23230 2346230
23240 2347240
23250 2348250
23260 2349260
23270 2350270
23280 2351280
23290 2352290
23300 2353300
23310 2354310
23320 2355320
23330 2356330
23340 2357340
23350 2358350
23360 2359360
23370 2360370
23380 2361380
23390 2362390
23400 2363400
23410 2364410
23420 2365420
23430 2366430
23440 2367440
23450 2368450
23460 2369460
23470 2370470
23480 2371480
23490 2372490
23500 2373500
23510 2374510
23520 2375520
23530 2376530
23540 2377540
23550 2378550
23560 2379560
23570 2380570
23580 2381580
23590 2382590
23600 2383600
23610 2384610
23620 2385620
23630 2386630
23640 2387640
23650 2388650
23660 2389660
23670 2390670
23680 2391680
23690 2392690
23700 2393700
23710 2394710
23720 2395720
23730 2396730
23740 2397740
23750 2398750
23760 2399760
23770 2400770
23780 2401780
23790 2402790
23800 2403800
23810 2404810
23820 2405820
23830 2406830
23840 2407840
23850 2408850
23860 2409860
23870 2410870
23880 2411880
23890 2412890
23900 2413900
23910 2414910
23920 2415920
23930 2416930
23940 2417940
23950 2418950
23960 2419960
23970 2420970
23980 2421980
23990 2422990
24000 2424000
24010 2425010
24020 2426020
24030 2427030
24040 2428040
24050 2429050
24060 2430060
24070 2431070
24080 2432080
24090 2433090
24100 2434100
24110 2435110
24120 2436120
24130 2437130
24140 2438140
24150 2439150
24160 2440160
24170 2441170
24180 2442180
24190 2443190
24200 2444200
24210 2445210
24220 2446220
24230 2447230
24240 2448240
24250 2449250
24260 2450260
24270 2451270
24280 2452280
24290 2453290
24300 2454300
24310 2455310
24320 2456320
24330 2457330
24340 2458340
24350 2459350
24360 2460360
24370 2461370
24380 2462380
24390 2463390
24400 2464400
24410 2465410
24420 2466420
24430 2467430
24440 2468440
24450 2469450
24460 2470460
24470 2471470
24480 2472480
24490 2473490
24500 2474500
24510 2475510
24520 2476520
24530 2477530
24540 2478540
24550 2479550
24560 2480560
24570 2481570
24580 2482580
24590 2483590
24600 2484600
24610 2485610
24620 2486620
24630 2487630
24640 2488640
24650 2489650
24660 2490660
24670 2491670
24680 2492680
24690 2493690
24700 2494700
24710 2495710
24720 2496720
24730 2497730
24740 2498740
24750 2499750
24760 2500760
24770 2501770
24780 2502780
24790 2503790
24800 2504800
24810 2505810
24820 2506820
24830 2507830
24840 2508840
24850 2509850
24860 2510860
24870 2511870
24880 2512880
24890 2513890
24900 2514900
24910 2515910
24920 2516920
24930 2517930
24940 2518940
24950 2519950
24960 2520960
24970 2521970
24980 2522980
24990 2523990
25000 2525000
25010 2526010
25020 2527020
25030 2528030
25040 2529040
25050 2530050
25060 2531060
25070 2532070
25080 2533080
25090 2534090
25100 2535100
25110 2536110
25120 2537120
25130 2538130
25140 2539140
25150 2540150
25160 2541160
25170 2542170
25180 2543180
25190 2544190
25200 2545200
25210 2546210
25220 2547220
25230 2548230
25240 2549240
25250 2550250
25260 2551260
25270 2552270
25280 2553280
25290 2554290
25300 2555300
25310 2556310
25320 2557320
25330 2558330
25340 2559340
25350 2560350
25360 2561360
25370 2562370
25380 2563380
25390 2564390
25400 2565400
25410 2566410
25420 2567420
25430 2568430
25440 2569440
25450 2570450
25460 2571460
25470 2572470
25480 2573480
25490 2574490
25500 2575500
25510 2576510
25520 2577520
25530 2578530
25540 2579540
25550 2580550
25560 2581560
25570 2582570
25580 2583580
25590 2584590
25600 2585600
25610 2586610
25620 2587620
25630 2588630
25640 2589640
25650 2590650
25660 2591660
25670 2592670
25680 2593680
25690 2594690
25700 2595700
25710 2596710
25720 2597720
25730 2598730
25740 2599740
25750 2600750
25760 2601760
25770 2602770
25780 2603780
25790 2604790
25800 2605800
25810 2606810
25820 2607820
25830 2608830
25840 2609840
25850 2610850
25860 2611860
25870 2612870
25880 2613880
25890 2614890
25900 2615900
25910 2616910
25920 2617920
25930 2618930
25940 2619940
25950 2620950
25960 2621960
25970 2622970
25980 2623980
25990 2624990
26000 2626000
26010 2627010
26020 2628020
26030 2629030
26040 2630040
26050 2631050
26060 2632060
26070 2633070
26080 2634080
26090 2635090
26100 2636100
26110 2637110
26120 2638120
26130 2639130
26140 2640140
26150 2641150
26160 2642160
26170 2643170
26180 2644180
26190 2645190
26200 2646200
26210 2647210
26220 2648220
26230 2649230
26240 2650240
26250 2651250
26260 2652260
26270 2653270
26280 2654280
26290 2655290
26300 2656300
26310 2657310
26320 2658320
26330 2659330
26340 2660340
26350 2661350
26360 2662360
26370 2663370
26380 2664380
26390 2665390
26400 2666400
26410 2667410
26420 2668420
26430 2669430
26440 2670440
26450 2671450
26460 2672460
26470 2673470
26480 2674480
26490 2675490
26500 2676500
26510 2677510
26520 2678520
26530 2679530
26540 2680540
26550 2681550
26560 2682560
26570 2683570
26580 2684580
26590 2685590
26600 2686600
26610 2687610
26620 2688620
26630 2689630
26640 2690640
26650 2691650
26660 2692660
26670 2693670
26680 2694680
26690 2695690
26700 2696700
26710 2697710
26720 2698720
26730 2699730
26740 2700740
26750 2701750
26760 2702760
26770 2703770
26780 2704780
26790 2705790
26800 2706800
26810 2707810
26820 2708820
26830 2709830
26840 2710840
26850 2711850
26860 2712860
26870 2713870
26880 2714880
26890 2715890
26900 2716900
26910 2717910
26920 2718920
26930 2719930
26940 2720940
26950 2721950
26960 2722960
26970 2723970
26980 2724980
26990 2725990
27000 2727000
27010 2728010
27020 2729020
27030 2730030
27040 2731040
27050 2732050
27060 2733060
27070 2734070
27080 2735080
27090 2736090
27100 2737100
27110 2738110
27120 2739120
27130 2740130
27140 2741140
27150 2742150
27160 2743160
27170 2744170
27180 2745180
27190 2746190
27200 2747200
27210 2748210
27220 2749220
27230 2750230
27240 2751240
27250 2752250
27260 2753260
27270 2754270
27280 2755280
27290 2756290
27300 2757300
27310 2758310
27320 2759320
27330 2760330
27340 2761340
27350 2762350
27360 2763360
27370 2764370
27380 2765380
27390 2766390
27400 2767400
27410 2768410
27420 2769420
27430 2770430
27440 2771440
27450 2772450
27460 2773460
27470 2774470
27480 2775480
27490 2776490
27500 2777500
27510 2778510
27520 2779520
27530 2780530
27540 2781540
27550 2782550
27560 2783560
27570 2784570
27580 2785580
27590 2786590
27600 2787600
27610 2788610
27620 2789620
27630 2790630
27640 2791640
27650 2792650
27660 2793660
27670 2794670
27680 2795680
27690 2796690
27700 2797700
27710 2798710
27720 2799720
27730 2800730
27740 2801740
27750 2802750
27760 2803760
27770 2804770
27780 2805780
27790 2806790
27800 2807800
27810 2808810
27820 2809820
27830 2810830
27840 2811840
27850 2812850
27860 2813860
27870 2814870
27880 2815880
27890 2816890
27900 2817900
27910 2818910
27920 2819920
27930 2820930
27940 2821940
27950 2822950
27960 2823960
27970 2824970
27980 2825980
27990 2826990
28000 2828000
28010 2829010
28020 2830020
28030 2831030
28040 2832040
28050 2833050
28060 2834060
28070 2835070
28080 2836080
28090 2837090
28100 2838100
28110 2839110
28120 2840120
28130 2841130
28140 2842140
28150 2843150
28160 2844160
28170 2845170
28180 2846180
28190 2847190
28200 2848200
28210 2849210
28220 2850220
28230 2851230
28240 2852240
28250 2853250
28260 2854260
28270 2855270
28280 2856280
28290 2857290
28300 2858300
28310 2859310
28320 2860320
28330 2861330
28340 2862340
28350 2863350
28360 2864360
28370 2865370
28380 2866380
28390 2867390
28400 2868400
28410 2869410
28420 2870420
28430 2871430
28440 2872440
28450 2873450
28460 2874460
28470 2875470
28480 2876480
28490 2877490
28500 2878500
28510 2879510
28520 2880520
28530 2881530
28540 2882540
28550 2883550
28560 2884560
28570 2885570
28580 2886580
28590 2887590
28600 2888600
28610 2889610
28620 2890620
28630 2891630
28640 2892640
28650 2893650
28660 2894660
28670 2895670
28680 2896680
28690 2897690
28700 2898700
28710 2899710
28720 2900720
28730 2901730
28740 2902740
28750 2903750
28760 2904760
28770 2905770
28780 2906780
28790 2907790
28800 2908800
28810 2909810
28820 2910820
28830 2911830
28840 2912840
28850 2913850
28860 2914860
28870 2915870
28880 2916880
28890 2917890
28900 2918900
28910 2919910
28920 2920920
28930 2921930
28940 2922940
28950 2923950
28960 2924960
28970 2925970
28980 2926980
28990 2927990
29000 2929000
29010 2930010
29020 2931020
29030 2932030
29040 2933040
29050 2934050
29060 2935060
29070 2936070
29080 2937080
29090 2938090
29100 2939100
29110 2940110
29120 2941120
29130 2942130
29140 2943140
29150 2944150
29160 2945160
29170 2946170
29180 2947180
29190 2948190
29200 2949200
29210 2950210
29220 2951220
29230 2952230
29240 2953240
29250 2954250
29260 2955260
29270 2956270
29280 2957280
29290 2958290
29300 2959300
29310 2960310
29320 2961320
29330 2962330
29340 2963340
29350 2964350
29360 2965360
29370 2966370
29380 2967380
29390 2968390
29400 2969400
29410 2970410
29420 2971420
29430 2972430
29440 2973440
29450 2974450
29460 2975460
29470 2976470
29480 2977480
29490 2978490
29500 2979500
29510 2980510
29520 2981520
29530 2982530
29540 2983540
29550 2984550
29560 2985560
29570 2986570
29580 2987580
29590 2988590
29600 2989600
29610 2990610
29620 2991620
29630 2992630
29640 2993640
29650 2994650
29660 2995660
29670 2996670
29680 2997680
29690 2998690
29700 2999700
29710 3000710
29720 3001720
29730 3002730
29740 3003740
29750 3004750
29760 3005760
29770 3006770
29780 3007780
29790 3008790
29800 3009800
29810 3010810
29820 3011820
29830 3012830
29840 3013840
29850 3014850
29860 3015860
29870 3016870
29880 3017880
29890 3018890
29900 3019900
29910 3020910
29920 3021920
29930 3022930
29940 3023940
29950 3024950
29960 3025960
29970 3026970
29980 3027980
29990 3028990
30000 3030000
30010 3031010
30020 3032020
30030 3033030
30040 3034040
30050 3035050
30060 3036060
30070 3037070
30080 3038080
30090 3039090
30100 3040100
30110 3041110
30120 3042120
30130 3043130
30140 3044140
30150 3045150
30160 3046160
30170 3047170
30180 3048180
30190 3049190
30200 3050200
30210 3051210
30220 3052220
30230 3053230
30240 3054240
30250 3055250
30260 3056260
30270 3057270
30280 3058280
30290 3059290
30300 3060300
30310 3061310
30320 3062320
30330 3063330
30340 3064340
30350 3065350
30360 3066360
30370 3067370
30380 3068380
30390 3069390
30400 3070400
30410 3071410
30420 3072420
30430 3073430
30440 3074440
30450 3075450
30460 3076460
30470 3077470
30480 3078480
30490 3079490
30500 3080500
30510 3081510
30520 3082520
30530 3083530
30540 3084540
30550 3085550
30560 3086560
30570 3087570
30580 3088580
30590 3089590
30600 3090600
30610 3091610
30620 3092620
30630 3093630
30640 3094640
30650 3095650
30660 3096660
30670 3097670
30680 3098680
30690 3099690
30700 3100700
30710 3101710
30720 3102720
30730 3103730
30740 3104740
30750 3105750
30760 3106760
30770 3107770
30780 3108780
30790 3109790
30800 3110800
30810 3111810
30820 3112820
30830 3113830
30840 3114840
30850 3115850
30860 3116860
30870 3117870
30880 3118880
30890 3119890
30900 3120900
30910 3121910
30920 3122920
30930 3123930
30940 3124940
30950 3125950
30960 3126960
30970 3127970
30980 3128980
30990 3129990
31000 3131000
31010 3132010
31020 3133020
31030 3134030
31040 3135040
31050 3136050
31060 3137060
31070 3138070
31080 3139080
31090 3140090
31100 3141100
31110 3142110
31120 3143120
31130 3144130
31140 3145140
31150 3146150
31160 3147160
31170 3148170
31180 3149180
31190 3150190
31200 3151200
31210 3152210
31220 3153220
31230 3154230
31240 3155240
31250 3156250
31260 3157260
31270 3158270
31280 3159280
31290 3160290
31300 3161300
31310 3162310
31320 3163320
31330 3164330
31340 3165340
31350 3166350
31360 3167360
31370 3168370
31380 3169380
31390 3170390
31400 3171400
31410 3172410
31420 3173420
31430 3174430
31440 3175440
31450 3176450
31460 3177460
31470 3178470
31480 3179480
31490 3180490
31500 3181500
31510 3182510
31520 3183520
31530 3184530
31540 3185540
31550 3186550
31560 3187560
31570 3188570
31580 3189580
31590 3190590
31600 3191600
31610 3192610
31620 3193620
31630 3194630
31640 3195640
31650 3196650
31660 3197660
31670 3198670
31680 3199680
31690 3200690
31700 3201700
31710 3202710
31720 3203720
31730 3204730
31740 3205740
31750 3206750
31760 3207760
31770 3208770
31780 3209780
31790 3210790
31800 3211800
31810 3212810
31820 3213820
31830 3214830
31840 3215840
31850 3216850
31860 3217860
31870 3218870
31880 3219880
31890 3220890
31900 3221900
31910 3222910
31920 3223920
31930 3224930
31940 3225940
31950 3226950
31960 3227960
31970 3228970
31980 3229980
31990 3230990
32000 3232000
32010 3233010
32020 3234020
32030 3235030
32040 3236040
32050 3237050
32060 3238060
32070 3239070
32080 3240080
32090 3241090
32100 3242100
32110 3243110
32120 3244120
32130 3245130
32140 3246140
32150 3247150
32160 3248160
32170 3249170
32180 3250180
32190 3251190
32200 3252200
32210 3253210
32220 3254220
32230 3255230
32240 3256240
32250 3257250
32260 3258260
32270 3259270
32280 3260280
32290 3261290
32300 3262300
32310 3263310
32320 3264320
32330 3265330
32340 3266340
32350 3267350
32360 3268360
32370 3269370
32380 3270380
32390 3271390
32400 3272400
32410 3273410
32420 3274420
32430 3275430
32440 3276440
32450 3277450
32460 3278460
32470 3279470
32480 3280480
32490 3281490
32500 3282500
32510 3283510
32520 3284520
32530 3285530
32540 3286540
32550 3287550
32560 3288560
32570 3289570
32580 3290580
32590 3291590
32600 3292600
32610 3293610
32620 3294620
32630 3295630
32640 3296640
32650 3297650
32660 3298660
32670 3299670
32680 3300680
32690 3301690
32700 3302700
32710 3303710
32720 3304720
32730 3305730
32740 3306740
32750 3307750
32760 3308760
32770 3309770
32780 3310780
32790 3311790
32800 3312800
32810 3313810
32820 3314820
32830 3315830
32840 3316840
32850 3317850
32860 3318860
32870 3319870
32880 3320880
32890 3321890
32900 3322900
32910 3323910
32920 3324920
32930 3325930
32940 3326940
32950 3327950
32960 3328960
32970 3329970
32980 3330980
32990 3331990
33000 3333000
33010 3334010
33020 3335020
33030 3336030
33040 3337040
33050 3338050
33060 3339060
33070 3340070
33080 3341080
33090 3342090
33100 3343100
33110 3344110
33120 3345120
33130 3346130
33140 3347140
33150 3348150
33160 3349160
33170 3350170
33180 3351180
33190 3352190
33200 3353200
33210 3354210
33220 3355220
33230 3356230
33240 3357240
33250 3358250
33260 3359260
33270 3360270
33280 3361280
33290 3362290
33300 3363300
33310 3364310
33320 3365320
33330 3366330
33340 3367340
33350 3368350
33360 3369360
33370 3370370
33380 3371380
33390 3372390
33400 3373400
33410 3374410
33420 3375420
33430 3376430
33440 3377440
33450 3378450
33460 3379460
33470 3380470
33480 3381480
33490 3382490
33500 3383500
33510 3384510
33520 3385520
33530 3386530
33540 3387540
33550 3388550
33560 3389560
33570 3390570
33580 3391580
33590 3392590
33600 3393600
33610 3394610
33620 3395620
33630 3396630
33640 3397640
33650 3398650
33660 3399660
33670 3400670
33680 3401680
33690 3402690
33700 3403700
33710 3404710
33720 3405720
33730 3406730
33740 3407740
33750 3408750
33760 3409760
33770 3410770
33780 3411780
33790 3412790
33800 3413800
33810 3414810
33820 3415820
33830 3416830
33840 3417840
33850 3418850
33860 3419860
33870 3420870
33880 3421880
33890 3422890
33900 3423900
33910 3424910
33920 3425920
33930 3426930
33940 3427940
33950 3428950
33960 3429960
33970 3430970
33980 3431980
33990 3432990
34000 3434000
34010 3435010
34020 3436020
34030 3437030
34040 3438040
34050 3439050
34060 3440060
34070 3441070
34080 3442080
34090 3443090
34100 3444100
34110 3445110
34120 3446120
34130 3447130
34140 3448140
34150 3449150
34160 3450160
34170 3451170
34180 3452180
34190 3453190
34200 3454200
34210 3455210
34220 3456220
34230 3457230
34240 3458240
34250 3459250
34260 3460260
34270 3461270
34280 3462280
34290 3463290
34300 3464300
34310 3465310
34320 3466320
34330 3467330
34340 3468340
34350 3469350
34360 3470360
34370 3471370
34380 3472380
34390 3473390
34400 3474400
34410 3475410
34420 3476420
34430 3477430
34440 3478440
34450 3479450
34460 3480460
34470 3481470
34480 3482480
34490 3483490
34500 3484500
34510 3485510
34520 3486520
34530 3487530
34540 3488540
34550 3489550
34560 3490560
34570 3491570
34580 3492580
34590 3493590
34600 3494600
34610 3495610
34620 3496620
34630 3497630
34640 3498640
34650 3499650
34660 3500660
34670 3501670
34680 3502680
34690 3503690
34700 3504700
34710 3505710
34720 3506720
34730 3507730
34740 3508740
34750 3509750
34760 3510760
34770 3511770
34780 3512780
34790 3513790
34800 3514800
34810 3515810
34820 3516820
34830 3517830
34840 3518840
34850 3519850
34860 3520860
34870 3521870
34880 3522880
34890 3523890
34900 3524900
34910 3525910
34920 3526920
34930 3527930
34940 3528940
34950 3529950
34960 3530960
34970 3531970
34980 3532980
34990 3533990
35000 3535000
35010 3536010
35020 3537020
35030 3538030
35040 3539040
35050 3540050
35060 3541060
35070 3542070
35080 3543080
35090 3544090
35100 3545100
35110 3546110
35120 3547120
35130 3548130
35140 3549140
35150 3550150
35160 3551160
35170 3552170
35180 3553180
35190 3554190
35200 3555200
35210 3556210
35220 3557220
35230 3558230
35240 3559240
35250 3560250
35260 3561260
35270 3562270
35280 3563280
35290 3564290
35300 3565300
35310 3566310
35320 3567320
35330 3568330
35340 3569340
35350 3570350
35360 3571360
35370 3572370
35380 3573380
35390 3574390
35400 3575400
35410 3576410
35420 3577420
35430 3578430
35440 3579440
35450 3580450
35460 3581460
35470 3582470
35480 3583480
35490 3584490
35500 3585500
35510 3586510
35520 3587520
35530 3588530
35540 3589540
35550 3590550
35560 3591560
35570 3592570
35580 3593580
35590 3594590
35600 3595600
35610 3596610
35620 3597620
35630 3598630
35640 3599640
35650 3600650
35660 3601660
35670 3602670
35680 3603680
35690 3604690
35700 3605700
35710 3606710
35720 3607720
35730 3608730
35740 3609740
35750 3610750
35760 3611760
35770 3612770
35780 3613780
35790 3614790
35800 3615800
35810 3616810
35820 3617820
35830 3618830
35840 3619840
35850 3620850
35860 3621860
35870 3622870
35880 3623880
35890 3624890
35900 3625900
35910 3626910
35920 3627920
35930 3628930
35940 3629940
35950 3630950
35960 3631960
35970 3632970
35980 3633980
35990 3634990
36000 3636000
36010 3637010
36020 3638020
36030 3639030
36040 3640040
36050 3641050
36060 3642060
36070 3643070
36080 3644080
36090 3645090
36100 3646100
36110 3647110
36120 3648120
36130 3649130
36140 3650140
36150 3651150
36160 3652160
36170 3653170
36180 3654180
36190 3655190
36200 3656200
36210 3657210
36220 3658220
36230 3659230
36240 3660240
36250 3661250
36260 3662260
36270 3663270
36280 3664280
36290 3665290
36300 3666300
36310 3667310
36320 3668320
36330 3669330
36340 3670340
36350 3671350
36360 3672360
36370 3673370
36380 3674380
36390 3675390
36400 3676400
36410 3677410
36420 3678420
36430 3679430
36440 3680440
36450 3681450
36460 3682460
36470 3683470
36480 3684480
36490 3685490
36500 3686500
36510 3687510
36520 3688520
36530 3689530
36540 3690540
36550 3691550
36560 3692560
36570 3693570
36580 3694580
36590 3695590
36600 3696600
36610 3697610
36620 3698620
36630 3699630
36640 3700640
36650 3701650
36660 3702660
36670 3703670
36680 3704680
36690 3705690
36700 3706700
36710 3707710
36720 3708720
36730 3709730
36740 3710740
36750 3711750
36760 3712760
36770 3713770
36780 3714780
36790 3715790
36800 3716800
36810 3717810
36820 3718820
36830 3719830
36840 3720840
36850 3721850
36860 3722860
36870 3723870
36880 3724880
36890 3725890
36900 3726900
36910 3727910
36920 3728920
36930 3729930
36940 3730940
36950 3731950
36960 3732960
36970 3733970
36980 3734980
36990 3735990
37000 3737000
37010 3738010
37020 3739020
37030 3740030
37040 3741040
37050 3742050
37060 3743060
37070 3744070
37080 3745080
37090 3746090
37100 3747100
37110 3748110
37120 3749120
37130 3750130
37140 3751140
37150 3752150
37160 3753160
37170 3754170
37180 3755180
37190 3756190
37200 3757200
37210 3758210
37220 3759220
37230 3760230
37240 3761240
37250 3762250
37260 3763260
37270 3764270
37280 3765280
37290 3766290
37300 3767300
37310 3768310
37320 3769320
37330 3770330
37340 3771340
37350 3772350
37360 3773360
37370 3774370
37380 3775380
37390 3776390
37400 3777400
37410 3778410
37420 3779420
37430 3780430
37440 3781440
37450 3782450
37460 3783460
37470 3784470
37480 3785480
37490 3786490
37500 3787500
37510 3788510
37520 3789520
37530 3790530
37540 3791540
37550 3792550
37560 3793560
37570 3794570
37580 3795580
37590 3796590
37600 3797600
37610 3798610
37620 3799620
37630 3800630
37640 3801640
37650 3802650
37660 3803660
37670 3804670
37680 3805680
37690 3806690
37700 3807700
37710 3808710
37720 3809720
37730 3810730
37740 3811740
37750 3812750
37760 3813760
37770 3814770
37780 3815780
37790 3816790
37800 3817800
37810 3818810
37820 3819820
37830 3820830
37840 3821840
37850 3822850
37860 3823860
37870 3824870
37880 3825880
37890 3826890
37900 3827900
37910 3828910
37920 3829920
37930 3830930
37940 3831940
37950 3832950
37960 3833960
37970 3834970
37980 3835980
37990 3836990
38000 3838000
38010 3839010
38020 3840020
38030 3841030
38040 3842040
38050 3843050
38060 3844060
38070 3845070
38080 3846080
38090 3847090
38100 3848100
38110 3849110
38120 3850120
38130 3851130
38140 3852140
38150 3853150
38160 3854160
38170 3855170
38180 3856180
38190 3857190
38200 3858200
38210 3859210
38220 3860220
38230 3861230
38240 3862240
38250 3863250
38260 3864260
38270 3865270
38280 3866280
38290 3867290
38300 3868300
38310 3869310
38320 3870320
38330 3871330
38340 3872340
38350 3873350
38360 3874360
38370 3875370
38380 3876380
38390 3877390
38400 3878400
38410 3879410
38420 3880420
38430 3881430
38440 3882440
38450 3883450
38460 3884460
38470 3885470
38480 3886480
38490 3887490
38500 3888500
38510 3889510
38520 3890520
38530 3891530
38540 3892540
38550 3893550
38560 3894560
38570 3895570
38580 3896580
38590 3897590
38600 3898600
38610 3899610
38620 3900620
38630 3901630
38640 3902640
38650 3903650
38660 3904660
38670 3905670
38680 3906680
38690 3907690
38700 3908700
38710 3909710
38720 3910720
38730 3911730
38740 3912740
38750 3913750
38760 3914760
38770 3915770
38780 3916780
38790 3917790
38800 3918800
38810 3919810
38820 3920820
38830 3921830
38840 3922840
38850 3923850
38860 3924860
38870 3925870
38880 3926880
38890 3927890
38900 3928900
38910 3929910
38920 3930920
38930 3931930
38940 3932940
38950 3933950
38960 3934960
38970 3935970
38980 3936980
38990 3937990
39000 3939000
39010 3940010
39020 3941020
39030 3942030
39040 3943040
39050 3944050
39060 3945060
39070 3946070
39080 3947080
39090 3948090
39100 3949100
39110 3950110
39120 3951120
39130 3952130
39140 3953140
39150 3954150
39160 3955160
39170 3956170
39180 3957180
39190 3958190
39200 3959200
39210 3960210
39220 3961220
39230 3962230
39240 3963240
39250 3964250
39260 3965260
39270 3966270
39280 3967280
39290 3968290
39300 3969300
39310 3970310
39320 3971320
39330 3972330
39340 3973340
39350 3974350
39360 3975360
39370 3976370
39380 3977380
39390 3978390
39400 3979400
39410 3980410
39420 3981420
39430 3982430
39440 3983440
39450 3984450
39460 3985460
39470 3986470
39480 3987480
39490 3988490
39500 3989500
39510 3990510
39520 3991520
39530 3992530
39540 3993540
39550 3994550
39560 3995560
39570 3996570
39580 3997580
39590 3998590
39600 3999600
39610 4000610
39620 4001620
39630 4002630
39640 4003640
39650 4004650
39660 4005660
39670 4006670
39680 4007680
39690 4008690
39700 4009700
39710 4010710
39720 4011720
39730 4012730
39740 4013740
39750 4014750
39760 4015760
39770 4016770
39780 4017780
39790 4018790
39800 4019800
39810 4020810
39820 4021820
39830 4022830
39840 4023840
39850 4024850
39860 4025860
39870 4026870
39880 4027880
39890 4028890
39900 4029900
39910 4030910
39920 4031920
39930 4032930
39940 4033940
39950 4034950
39960 4035960
39970 4036970
39980 4037980
39990 4038990
40000 4040000
40010 4041010
40020 4042020
40030 4043030
40040 4044040
40050 4045050
40060 4046060
40070 4047070
40080 4048080
40090 4049090
40100 4050100
40110 4051110
40120 4052120
40130 4053130
40140 4054140
40150 4055150
40160 4056160
40170 4057170
40180 4058180
40190 4059190
40200 4060200
40210 4061210
40220 4062220
40230 4063230
40240 4064240
40250 4065250
40260 4066260
40270 4067270
40280 4068280
40290 4069290
40300 4070300
40310 4071310
40320 4072320
40330 4073330
40340 4074340
40350 4075350
40360 4076360
40370 4077370
40380 4078380
40390 4079390
40400 4080400
40410 4081410
40420 4082420
40430 4083430
40440 4084440
40450 4085450
40460 4086460
40470 4087470
40480 4088480
40490 4089490
40500 4090500
40510 4091510
40520 4092520
40530 4093530
40540 4094540
40550 4095550
40560 4096560
40570 4097570
40580 4098580
40590 4099590
40600 4100600
40610 4101610
40620 4102620
40630 4103630
40640 4104640
40650 4105650
40660 4106660
40670 4107670
40680 4108680
40690 4109690
40700 4110700
40710 4111710
40720 4112720
40730 4113730
40740 4114740
40750 4115750
40760 4116760
40770 4117770
40780 4118780
40790 4119790
40800 4120800
40810 4121810
40820 4122820
40830 4123830
40840 4124840
40850 4125850
40860 4126860
40870 4127870
40880 4128880
40890 4129890
40900 4130900
40910 4131910
40920 4132920
40930 4133930
40940 4134940
40950 4135950
40960 4136960
40970 4137970
40980 4138980
40990 4139990
41000 4141000
41010 4142010
41020 4143020
41030 4144030
41040 4145040
41050 4146050
41060 4147060
41070 4148070
41080 4149080
41090 4150090
41100 4151100
41110 4152110
41120 4153120
41130 4154130
41140 4155140
41150 4156150
41160 4157160
41170 4158170
41180 4159180
41190 4160190
41200 4161200
41210 4162210
41220 4163220
41230 4164230
41240 4165240
41250 4166250
41260 4167260
41270 4168270
41280 4169280
41290 4170290
41300 4171300
41310 4172310
41320 4173320
41330 4174330
41340 4175340
41350 4176350
41360 4177360
41370 4178370
41380 4179380
41390 4180390
41400 4181400
41410 4182410
41420 4183420
41430 4184430
41440 4185440
41450 4186450
41460 4187460
41470 4188470
41480 4189480
41490 4190490
41500 4191500
41510 4192510
41520 4193520
41530 4194530
41540 4195540
41550 4196550
41560 4197560
41570 4198570
41580 4199580
41590 4200590
41600 4201600
41610 4202610
41620 4203620
41630 4204630
41640 4205640
41650 4206650
41660 4207660
41670 4208670
41680 4209680
41690 4210690
41700 4211700
41710 4212710
41720 4213720
41730 4214730
41740 4215740
41750 4216750
41760 4217760
41770 4218770
41780 4219780
41790 4220790
41800 4221800
41810 4222810
41820 4223820
41830 4224830
41840 4225840
41850 4226850
41860 4227860
41870 4228870
41880 4229880
41890 4230890
41900 4231900
41910 4232910
41920 4233920
41930 4234930
41940 4235940
41950 4236950
41960 4237960
41970 4238970
41980 4239980
41990 4240990
42000 4242000
42010 4243010
42020 4244020
42030 4245030
42040 4246040
42050 4247050
42060 4248060
42070 4249070
42080 4250080
42090 4251090
42100 4252100
42110 4253110
42120 4254120
42130 4255130
42140 4256140
42150 4257150
42160 4258160
42170 4259170
42180 4260180
42190 4261190
42200 4262200
42210 4263210
42220 4264220
42230 4265230
42240 4266240
42250 4267250
42260 4268260
42270 4269270
42280 4270280
42290 4271290
42300 4272300
42310 4273310
42320 4274320
42330 4275330
42340 4276340
42350 4277350
42360 4278360
42370 4279370
42380 4280380
42390 4281390
42400 4282400
42410 4283410
42420 4284420
42430 4285430
42440 4286440
42450 4287450
42460 4288460
42470 4289470
42480 4290480
42490 4291490
42500 4292500
42510 4293510
42520 4294520
42530 4295530
42540 4296540
42550 4297550
42560 4298560
42570 4299570
42580 4300580
42590 4301590
42600 4302600
42610 4303610
42620 4304620
42630 4305630
42640 4306640
42650 4307650
42660 4308660
42670 4309670
42680 4310680
42690 4311690
42700 4312700
42710 4313710
42720 4314720
42730 4315730
42740 4316740
42750 4317750
42760 4318760
42770 4319770
42780 4320780
42790 4321790
42800 4322800
42810 4323810
42820 4324820
42830 4325830
42840 4326840
42850 4327850
42860 4328860
42870 4329870
42880 4330880
42890 4331890
42900 4332900
42910 4333910
42920 4334920
42930 4335930
42940 4336940
42950 4337950
42960 4338960
42970 4339970
42980 4340980
42990 4341990
43000 4343000
43010 4344010
43020 4345020
43030 4346030
43040 4347040
43050 4348050
43060 4349060
43070 4350070
43080 4351080
43090 4352090
43100 4353100
43110 4354110
43120 4355120
43130 4356130
43140 4357140
43150 4358150
43160 4359160
43170 4360170
43180 4361180
43190 4362190
43200 4363200
43210 4364210
43220 4365220
43230 4366230
43240 4367240
43250 4368250
43260 4369260
43270 4370270
43280 4371280
43290 4372290
43300 4373300
43310 4374310
43320 4375320
43330 4376330
43340 4377340
43350 4378350
43360 4379360
43370 4380370
43380 4381380
43390 4382390
43400 4383400
43410 4384410
43420 4385420
43430 4386430
43440 4387440
43450 4388450
43460 4389460
43470 4390470
43480 4391480
43490 4392490
43500 4393500
43510 4394510
43520 4395520
43530 4396530
43540 4397540
43550 4398550
43560 4399560
43570 4400570
43580 4401580
43590 4402590
43600 4403600
43610 4404610
43620 4405620
43630 4406630
43640 4407640
43650 4408650
43660 4409660
43670 4410670
43680 4411680
43690 4412690
43700 4413700
43710 4414710
43720 4415720
43730 4416730
43740 4417740
43750 4418750
43760 4419760
43770 4420770
43780 4421780
43790 4422790
43800 4423800
43810 4424810
43820 4425820
43830 4426830
43840 4427840
43850 4428850
43860 4429860
43870 4430870
43880 4431880
43890 4432890
43900 4433900
43910 4434910
43920 4435920
43930 4436930
43940 4437940
43950 4438950
43960 4439960
43970 4440970
43980 4441980
43990 4442990
44000 4444000
44010 4445010
44020 4446020
44030 4447030
44040 4448040
44050 4449050
44060 4450060
44070 4451070
44080 4452080
44090 4453090
44100 4454100
44110 4455110
44120 4456120
44130 4457130
44140 4458140
44150 4459150
44160 4460160
44170 4461170
44180 4462180
44190 4463190
44200 4464200
44210 4465210
44220 4466220
44230 4467230
44240 4468240
44250 4469250
44260 4470260
44270 4471270
44280 4472280
44290 4473290
44300 4474300
44310 4475310
44320 4476320
44330 4477330
44340 4478340
44350 4479350
44360 4480360
44370 4481370
44380 4482380
44390 4483390
44400 4484400
44410 4485410
44420 4486420
44430 4487430
44440 4488440
44450 4489450
44460 4490460
44470 4491470
44480 4492480
44490 4493490
44500 4494500
44510 4495510
44520 4496520
44530 4497530
44540 4498540
44550 4499550
44560 4500560
44570 4501570
44580 4502580
44590 4503590
44600 4504600
44610 4505610
44620 4506620
44630 4507630
44640 4508640
44650 4509650
44660 4510660
44670 4511670
44680 4512680
44690 4513690
44700 4514700
44710 4515710
44720 4516720
44730 4517730
44740 4518740
44750 4519750
44760 4520760
44770 4521770
44780 4522780
44790 4523790
44800 4524800
44810 4525810
44820 4526820
44830 4527830
44840 4528840
44850 4529850
44860 4530860
44870 4531870
44880 4532880
44890 4533890
44900 4534900
44910 4535910
44920 4536920
44930 4537930
44940 4538940
44950 4539950
44960 4540960
44970 4541970
44980 4542980
44990 4543990
45000 4545000
45010 4546010
45020 4547020
45030 4548030
45040 4549040
45050 4550050
45060 4551060
45070 4552070
45080 4553080
45090 4554090
45100 4555100
45110 4556110
45120 4557120
45130 4558130
45140 4559140
45150 4560150
45160 4561160
45170 4562170
45180 4563180
45190 4564190
45200 4565200
45210 4566210
45220 4567220
45230 4568230
45240 4569240
45250 4570250
45260 4571260
45270 4572270
45280 4573280
45290 4574290
45300 4575300
45310 4576310
45320 4577320
45330 4578330
45340 4579340
45350 4580350
45360 4581360
45370 4582370
45380 4583380
45390 4584390
45400 4585400
45410 4586410
45420 4587420
45430 4588430
45440 4589440
45450 4590450
45460 4591460
45470 4592470
45480 4593480
45490 4594490
45500 4595500
45510 4596510
45520 4597520
45530 4598530
45540 4599540
45550 4600550
45560 4601560
45570 4602570
45580 4603580
45590 4604590
45600 4605600
45610 4606610
45620 4607620
45630 4608630
45640 4609640
45650 4610650
45660 4611660
45670 4612670
45680 4613680
45690 4614690
45700 4615700
45710 4616710
45720 4617720
45730 4618730
45740 4619740
45750 4620750
45760 4621760
45770 4622770
45780 4623780
45790 4624790
45800 4625800
45810 4626810
45820 4627820
45830 4628830
45840 4629840
45850 4630850
45860 4631860
45870 4632870
45880 4633880
45890 4634890
45900 4635900
45910 4636910
45920 4637920
45930 4638930
45940 4639940
45950 4640950
45960 4641960
45970 4642970
45980 4643980
45990 4644990
46000 4646000
46010 4647010
46020 4648020
46030 4649030
46040 4650040
46050 4651050
46060 4652060
46070 4653070
46080 4654080
46090 4655090
46100 4656100
46110 4657110
46120 4658120
46130 4659130
46140 4660140
46150 4661150
46160 4662160
46170 4663170
46180 4664180
46190 4665190
46200 4666200
46210 4667210
46220 4668220
46230 4669230
46240 4670240
46250 4671250
46260 4672260
46270 4673270
46280 4674280
46290 4675290
46300 4676300
46310 4677310
46320 4678320
46330 4679330
46340 4680340
46350 4681350
46360 4682360
46370 4683370
46380 4684380
46390 4685390
46400 4686400
46410 4687410
46420 4688420
46430 4689430
46440 4690440
46450 4691450
46460 4692460
46470 4693470
46480 4694480
46490 4695490
46500 4696500
46510 4697510
46520 4698520
46530 4699530
46540 4700540
46550 4701550
46560 4702560
46570 4703570
46580 4704580
46590 4705590
46600 4706600
46610 4707610
46620 4708620
46630 4709630
46640 4710640
46650 4711650
46660 4712660
46670 4713670
46680 4714680
46690 4715690
46700 4716700
46710 4717710
46720 4718720
46730 4719730
46740 4720740
46750 4721750
46760 4722760
46770 4723770
46780 4724780
46790 4725790
46800 4726800
46810 4727810
46820 4728820
46830 4729830
46840 4730840
46850 4731850
46860 4732860
46870 4733870
46880 4734880
46890 4735890
46900 4736900
46910 4737910
46920 4738920
46930 4739930
46940 4740940
46950 4741950
46960 4742960
46970 4743970
46980 4744980
46990 4745990
47000 4747000
47010 4748010
47020 4749020
47030 4750030
47040 4751040
47050 4752050
47060 4753060
47070 4754070
47080 4755080
47090 4756090
47100 4757100
47110 4758110
47120 4759120
47130 4760130
47140 4761140
47150 4762150
47160 4763160
47170 4764170
47180 4765180
47190 4766190
47200 4767200
47210 4768210
47220 4769220
47230 4770230
47240 4771240
47250 4772250
47260 4773260
47270 4774270
47280 4775280
47290 4776290
47300 4777300
47310 4778310
47320 4779320
47330 4780330
47340 4781340
47350 4782350
47360 4783360
47370 4784370
47380 4785380
47390 4786390
47400 4787400
47410 4788410
47420 4789420
47430 4790430
47440 4791440
47450 4792450
47460 4793460
47470 4794470
47480 4795480
47490 4796490
47500 4797500
47510 4798510
47520 4799520
47530 4800530
47540 4801540
47550 4802550
47560 4803560
47570 4804570
47580 4805580
47590 4806590
47600 4807600
47610 4808610
47620 4809620
47630 4810630
47640 4811640
47650 4812650
47660 4813660
47670 4814670
47680 4815680
47690 4816690
47700 4817700
47710 4818710
47720 4819720
47730 4820730
47740 4821740
47750 4822750
47760 4823760
47770 4824770
47780 4825780
47790 4826790
47800 4827800
47810 4828810
47820 4829820
47830 4830830
47840 4831840
47850 4832850
47860 4833860
47870 4834870
47880 4835880
47890 4836890
47900 4837900
47910 4838910
47920 4839920
47930 4840930
47940 4841940
47950 4842950
47960 4843960
47970 4844970
47980 4845980
47990 4846990
48000 4848000
48010 4849010
48020 4850020
48030 4851030
48040 4852040
48050 4853050
48060 4854060
48070 4855070
48080 4856080
48090 4857090
48100 4858100
48110 4859110
48120 4860120
48130 4861130
48140 4862140
48150 4863150
48160 4864160
48170 4865170
48180 4866180
48190 4867190
48200 4868200
48210 4869210
48220 4870220
48230 4871230
48240 4872240
48250 4873250
48260 4874260
48270 4875270
48280 4876280
48290 4877290
48300 4878300
48310 4879310
48320 4880320
48330 4881330
48340 4882340
48350 4883350
48360 4884360
48370 4885370
48380 4886380
48390 4887390
48400 4888400
48410 4889410
48420 4890420
48430 4891430
48440 4892440
48450 4893450
48460 4894460
48470 4895470
48480 4896480
48490 4897490
48500 4898500
48510 4899510
48520 4900520
48530 4901530
48540 4902540
48550 4903550
48560 4904560
48570 4905570
48580 4906580
48590 4907590
48600 4908600
48610 4909610
48620 4910620
48630 4911630
48640 4912640
48650 4913650
48660 4914660
48670 4915670
48680 4916680
48690 4917690
48700 4918700
48710 4919710
48720 4920720
48730 4921730
48740 4922740
48750 4923750
48760 4924760
48770 4925770
48780 4926780
48790 4927790
48800 4928800
48810 4929810
48820 4930820
48830 4931830
48840 4932840
48850 4933850
48860 4934860
48870 4935870
48880 4936880
48890 4937890
48900 4938900
48910 4939910
48920 4940920
48930 4941930
48940 4942940
48950 4943950
48960 4944960
48970 4945970
48980 4946980
48990 4947990
49000 4949000
49010 4950010
49020 4951020
49030 4952030
49040 4953040
49050 4954050
49060 4955060
49070 4956070
49080 4957080
49090 4958090
49100 4959100
49110 4960110
49120 4961120
49130 4962130
49140 4963140
49150 4964150
49160 4965160
49170 4966170
49180 4967180
49190 4968190
49200 4969200
49210 4970210
49220 4971220
49230 4972230
49240 4973240
49250 4974250
49260 4975260
49270 4976270
49280 4977280
49290 4978290
49300 4979300
49310 4980310
49320 4981320
49330 4982330
49340 4983340
49350 4984350
49360 4985360
49370 4986370
49380 4987380
49390 4988390
49400 4989400
49410 4990410
49420 4991420
49430 4992430
49440 4993440
49450 4994450
49460 4995460
49470 4996470
49480 4997480
49490 4998490
49500 4999500
49510 5000510
49520 5001520
49530 5002530
49540 5003540
49550 5004550
49560 5005560
49570 5006570
49580 5007580
49590 5008590
49600 5009600
49610 5010610
49620 5011620
49630 5012630
49640 5013640
49650 5014650
49660 5015660
49670 5016670
49680 5017680
49690 5018690
49700 5019700
49710 5020710
49720 5021720
49730 5022730
49740 5023740
49750 5024750
49760 5025760
49770 5026770
49780 5027780
49790 5028790
49800 5029800
49810 5030810
49820 5031820
49830 5032830
49840 5033840
49850 5034850
49860 5035860
49870 5036870
49880 5037880
49890 5038890
49900 5039900
49910 5040910
49920 5041920
49930 5042930
49940 5043940
49950 5044950
49960 5045960
49970 5046970
49980 5047980
49990 5048990
50000 5050000
